0.999989212 -0.002826770 -0.003670600 0.000432731 0.002819551 0.999994099 -0.001970243 -0.000374206 0.003676146 0.001959872 0.999991357 0.036785342
0.999968946 -0.001856564 -0.007659990 0.000106429 0.001831847 0.999993145 -0.003232462 -0.000745418 0.007665932 0.003218330 0.999965429 0.074264415
0.999931872 -0.001774577 -0.011528354 -0.000487225 0.001721307 0.999987841 -0.004629084 -0.000997412 0.011536426 0.004608926 0.999922812 0.112253301
0.999868155 -0.000261498 -0.016232224 -0.001520641 0.000173427 0.999985158 -0.005426831 -0.001144266 0.016233400 0.005423300 0.999853492 0.151688606
0.999799669 -0.000990376 -0.019990474 -0.002875734 0.000883719 0.999985397 -0.005343505 -0.001791687 0.019995470 0.005324770 0.999785900 0.192160323
0.999708533 0.000582370 -0.024133312 -0.004332187 -0.000737453 0.999979138 -0.006417690 -0.002485918 0.024129070 0.006433616 0.999688208 0.232930496
0.999563336 0.003448589 -0.029347444 -0.005726798 -0.003668721 0.999965489 -0.007450338 -0.002568081 0.029320735 0.007554752 0.999541521 0.274678946
0.999447167 0.003793799 -0.033031311 -0.008242203 -0.003980326 0.999976516 -0.005583076 -0.003241016 0.033009350 0.005711463 0.999438703 0.322162002
0.999266088 0.002729293 -0.038208216 -0.008688837 -0.002829875 0.999992669 -0.002578626 -0.003897539 0.038200900 0.002684858 0.999266505 0.361111373
0.999169648 0.003387893 -0.040602181 -0.012181824 -0.003395464 0.999994218 -0.000117477 -0.004216866 0.040601559 0.000255242 0.999175429 0.409575313
0.999040723 0.004276293 -0.043579578 -0.013633631 -0.004322185 0.999990225 -0.000958880 -0.004586563 0.043575045 0.001146319 0.999049544 0.450378507
0.998978257 0.003638275 -0.045045886 -0.017028350 -0.003672939 0.999993026 -0.000686772 -0.005392910 0.045043066 0.000851521 0.998984694 0.500025034
0.998847067 0.000597333 -0.048001230 -0.017635062 -0.000671083 0.999998510 -0.001520338 -0.005329781 0.048000257 0.001550799 0.998846114 0.542555332
0.998745561 0.000284946 -0.050071236 -0.020187799 -0.000339265 0.999999344 -0.001076322 -0.005319025 0.050070889 0.001091960 0.998745084 0.593429208
0.998703301 -0.001270995 -0.050894674 -0.023181543 0.001215884 0.999998689 -0.001113802 -0.005984642 0.050896019 0.001050476 0.998703361 0.636711597
0.998595655 0.000999670 -0.052967463 -0.026245765 -0.001141235 0.999995947 -0.002642486 -0.007168258 0.052964602 0.002699223 0.998592675 0.689001799
0.998540998 0.001401032 -0.053980034 -0.028951677 -0.001714568 0.999981940 -0.005762498 -0.007264562 0.053970993 0.005846643 0.998525381 0.733026981
0.998448372 0.004983263 -0.055462770 -0.032689884 -0.005354661 0.999964178 -0.006549742 -0.008671675 0.055428144 0.006836562 0.998439312 0.785607100
0.998350501 0.006376273 -0.057057571 -0.034879688 -0.006783534 0.999952853 -0.006946876 -0.008885306 0.057010584 0.007322470 0.998346746 0.831513107
0.998237014 0.005666195 -0.059082262 -0.037456911 -0.006039057 0.999962926 -0.006134238 -0.009186106 0.059045315 0.006480225 0.998234272 0.886193514
0.998203993 0.006209549 -0.059582256 -0.041450217 -0.006439064 0.999972582 -0.003660815 -0.010580932 0.059557889 0.004037896 0.998216629 0.932024300
0.998169720 0.005517464 -0.060221992 -0.045334302 -0.005697465 0.999979794 -0.002817633 -0.011985028 0.060205221 0.003155590 0.998180985 0.986596227
0.998077691 0.005734471 -0.061709102 -0.048689991 -0.006020482 0.999971986 -0.004449880 -0.011977807 0.061681867 0.004812845 0.998084307 1.034625053
0.998049498 0.004413437 -0.062270112 -0.052810609 -0.004750251 0.999974847 -0.005261901 -0.012576268 0.062245309 0.005547436 0.998045444 1.089605093
0.997972429 0.004258143 -0.063505188 -0.055160776 -0.004480772 0.999984324 -0.003363684 -0.013293890 0.063489869 0.003641416 0.997975826 1.138761878
0.997942567 0.005628417 -0.063868158 -0.058878079 -0.005683477 0.999983668 -0.000680425 -0.013544999 0.063863277 0.001042018 0.997958124 1.194514275
0.998008966 0.006376130 -0.062748991 -0.062587634 -0.006172690 0.999975026 0.003435455 -0.014137732 0.062769316 -0.003041285 0.998023510 1.245411634
0.998114765 0.004872854 -0.061180674 -0.065643482 -0.004500015 0.999970555 0.006230363 -0.014207906 0.061209206 -0.005943304 0.998107255 1.301165223
0.998198390 0.005711489 -0.059727453 -0.069031663 -0.005306873 0.999961913 0.006930817 -0.014595119 0.059764747 -0.006601363 0.998190701 1.353467107
0.998262525 0.005563035 -0.058661640 -0.072317950 -0.005307118 0.999975741 0.004517485 -0.015237908 0.058685329 -0.004198311 0.998267710 1.410020113
0.998328209 0.006608889 -0.057419974 -0.075598128 -0.006654584 0.999977589 -0.000604635 -0.015334094 0.057414696 0.000985731 0.998349845 1.461769819
0.998409450 0.006436816 -0.056010555 -0.079164974 -0.006684892 0.999968529 -0.004242830 -0.015199002 0.055981487 0.004610505 0.998421133 1.518671036
0.998468280 0.003683282 -0.055203918 -0.082126759 -0.003842828 0.999988794 -0.002784254 -0.016187076 0.055193041 0.002992128 0.998471260 1.571971416
0.998467505 0.002838433 -0.055267684 -0.085372180 -0.002784213 0.999995589 0.001058008 -0.015931156 0.055270445 -0.000902510 0.998471022 1.630202532
0.998422265 -0.001529325 -0.056130040 -0.088253208 0.001836003 0.999983668 0.005412542 -0.017174715 0.056120843 -0.005507056 0.998408735 1.683521390
0.998333991 -0.007863845 -0.057160478 -0.091245458 0.008119130 0.999958098 0.004235241 -0.017076509 0.057124771 -0.004692278 0.998355985 1.741888404
0.998195529 -0.010787016 -0.059072521 -0.093826473 0.010855943 0.999940634 0.000846016 -0.017954420 0.059059888 -0.001485777 0.998253286 1.796559930
0.998094916 -0.010588213 -0.060782354 -0.097228043 0.010427703 0.999941170 -0.002957339 -0.018641651 0.060810074 0.002317885 0.998146653 1.855604887
0.997977495 -0.009277823 -0.062887043 -0.100785896 0.009054839 0.999951720 -0.003829947 -0.019121943 0.062919550 0.003252769 0.998013258 1.910443425
0.997913897 -0.009088695 -0.063915461 -0.104855984 0.008925225 0.999956191 -0.002842688 -0.019608635 0.063938498 0.002266298 0.997951210 1.970228434
0.997869194 -0.005599026 -0.065005437 -0.108518958 0.005651261 0.999983728 0.000619680 -0.021207636 0.065000907 -0.000985722 0.997884750 2.024999619
0.997773230 -0.005324760 -0.066486023 -0.112374514 0.005442975 0.999983907 0.001597032 -0.021451276 0.066476449 -0.001955358 0.997786105 2.084857941
0.997735381 -0.004137686 -0.067134149 -0.116603464 0.004442163 0.999980509 0.004386720 -0.022199791 0.067114696 -0.004675007 0.997734368 2.139705181
0.997691512 -0.003846271 -0.067801081 -0.119761363 0.004358140 0.999963164 0.007403278 -0.022813296 0.067770109 -0.007681674 0.997671425 2.199532270
0.997722447 0.001615209 -0.067433774 -0.125055060 -0.000965017 0.999952734 0.009673389 -0.022902258 0.067446217 -0.009586279 0.997676849 2.254392862
0.997675955 0.001911034 -0.068109952 -0.129066020 -0.001289218 0.999957085 0.009172382 -0.023140419 0.068124563 -0.009063255 0.997635663 2.313914776
0.997693717 0.001283963 -0.067863971 -0.132930309 -0.000800631 0.999974191 0.007148790 -0.023077438 0.067871392 -0.007077970 0.997668922 2.368583679
0.997663796 0.004104726 -0.068191208 -0.136641741 -0.003780297 0.999980986 0.004885993 -0.023609556 0.068209961 -0.004616796 0.997660279 2.427253962
0.997601807 0.003395515 -0.069131263 -0.140943050 -0.003055482 0.999982715 0.005023803 -0.023879100 0.069147132 -0.004800526 0.997594893 2.482402325
0.997508407 0.001952555 -0.070521437 -0.144903257 -0.001571069 0.999983847 0.005464565 -0.023834113 0.070530973 -0.005340156 0.997495234 2.541362762
0.997454584 0.001706797 -0.071286000 -0.148747310 -0.001176123 0.999971271 0.007485612 -0.024704611 0.071296729 -0.007382717 0.997427762 2.595412254
0.997402668 0.004665635 -0.071875796 -0.153080180 -0.004379302 0.999981761 0.004140791 -0.025777617 0.071893796 -0.003815271 0.997404933 2.653218269
0.997376025 0.004678730 -0.072243854 -0.157687962 -0.004690568 0.999988973 0.000005795 -0.026104365 0.072243087 0.000333084 0.997386992 2.710212231
0.997306943 0.005524133 -0.073131748 -0.161422938 -0.005658301 0.999982834 -0.001627565 -0.026208309 0.073121481 0.002036984 0.997320950 2.761976957
0.997303486 0.004221285 -0.073266573 -0.165499404 -0.004074435 0.999989450 0.002153666 -0.027173134 0.073274888 -0.001849338 0.997310102 2.819760799
0.997282684 0.002688742 -0.073619820 -0.169369668 -0.002322980 0.999984562 0.005053430 -0.027655642 0.073632248 -0.004868681 0.997273564 2.873172998
0.997258186 0.000225838 -0.073999368 -0.173919633 0.000227396 0.999981284 0.006116343 -0.028421061 0.073999345 -0.006116400 0.997239470 2.930407286
0.997288287 -0.002623467 -0.073547170 -0.177843928 0.002961385 0.999985576 0.004485910 -0.028772824 0.073534332 -0.004691547 0.997281611 2.982112408
0.997250021 -0.005007132 -0.073942505 -0.182179093 0.005261556 0.999980986 0.003246440 -0.029263521 0.073924854 -0.003626566 0.997257113 3.038657188
0.997164726 -0.006855360 -0.074936673 -0.185889453 0.007219231 0.999963462 0.004585901 -0.029896200 0.074902512 -0.005113884 0.997177780 3.091075420
0.997085512 -0.009965140 -0.075638302 -0.190530270 0.010655263 0.999905288 0.008725922 -0.030367261 0.075544171 -0.009506438 0.997097135 3.147103310
0.996990621 -0.010940009 -0.076746374 -0.193854660 0.011996642 0.999839306 0.013320357 -0.030074384 0.076588318 -0.014200971 0.996961713 3.199809313
0.996955156 -0.008626773 -0.077497818 -0.198168918 0.009820168 0.999838769 0.015031199 -0.030068401 0.077355660 -0.015746474 0.996879280 3.255709171
0.996848047 -0.007484334 -0.078981385 -0.202647805 0.008426703 0.999897122 0.011604974 -0.030854475 0.078886420 -0.012233945 0.996808648 3.309937000
0.996753871 -0.006927485 -0.080209829 -0.207106352 0.007267626 0.999965727 0.003949462 -0.030710563 0.080179736 -0.004519576 0.996770084 3.359568834
0.996713817 -0.004344367 -0.080885515 -0.211967140 0.004263826 0.999990225 -0.001168450 -0.031141058 0.080889814 0.000819730 0.996722698 3.413378477
0.996654749 -0.000654236 -0.081724085 -0.216663778 0.000653944 0.999999821 -0.000030339 -0.031774741 0.081724070 -0.000023205 0.996655047 3.463338852
0.996519268 0.002419422 -0.083327606 -0.221151516 -0.002238412 0.999994934 0.002265625 -0.032507557 0.083332658 -0.002071217 0.996519625 3.516865492
0.996472657 0.005142463 -0.083760127 -0.226065710 -0.004856673 0.999981701 0.003615414 -0.033290774 0.083777197 -0.003195866 0.996479511 3.564742327
0.996352673 0.005441188 -0.085157469 -0.230258837 -0.005146567 0.999980032 0.003678881 -0.033985876 0.085175797 -0.003227195 0.996360719 3.615865946
0.996196568 0.007302828 -0.086826652 -0.235004500 -0.006952274 0.999966383 0.004339112 -0.034614939 0.086855426 -0.003718967 0.996214032 3.665299654
0.996120572 0.008691028 -0.087569132 -0.239505887 -0.008268934 0.999952316 0.005181750 -0.035618991 0.087609999 -0.004437543 0.996144950 3.710230827
0.995992541 0.007866533 -0.089089647 -0.243692383 -0.007354668 0.999954581 0.006072343 -0.036124781 0.089133352 -0.005392784 0.996005118 3.758218527
0.995878160 0.007634781 -0.090379536 -0.248158753 -0.007031121 0.999950767 0.006995692 -0.036609977 0.090428509 -0.006331387 0.995882809 3.806556225
0.995734453 0.011029348 -0.091602936 -0.252715260 -0.010180979 0.999900877 0.009723511 -0.037287112 0.091701120 -0.008749428 0.995748162 3.849614143
0.995575428 0.012405900 -0.093142636 -0.256977409 -0.011166681 0.999842227 0.013813962 -0.037396330 0.093299307 -0.012712747 0.995557070 3.896334171
0.995412588 0.016283743 -0.094277970 -0.262494266 -0.014897113 0.999770522 0.015393113 -0.037632927 0.094507009 -0.013918032 0.995426953 3.943432570
0.995252073 0.018591030 -0.095538639 -0.266612947 -0.017571062 0.999779463 0.011506294 -0.038218118 0.095731474 -0.009772951 0.995359242 3.981643438
0.995090604 0.018542880 -0.097215250 -0.270797849 -0.018253319 0.999825954 0.003867173 -0.038189065 0.097270034 -0.002073688 0.995255888 4.024300575
0.994984865 0.017806927 -0.098427705 -0.275205433 -0.018069327 0.999835253 -0.001775038 -0.038797498 0.098379895 0.003544657 0.995142639 4.066781044
0.994941235 0.018278409 -0.098782256 -0.279283166 -0.018642370 0.999822378 -0.002762639 -0.039379887 0.098714210 0.004590199 0.995105267 4.103207588
0.994822383 0.021154439 -0.099403091 -0.283818662 -0.021186698 0.999775290 0.000731207 -0.039807446 0.099396229 0.001378602 0.995047033 4.143233299
0.994702697 0.021861602 -0.100442298 -0.287978828 -0.021642623 0.999760449 0.003269446 -0.041182198 0.100489698 -0.001078292 0.994937539 4.181509495
0.994623244 0.017941775 -0.101993129 -0.290974259 -0.018098846 0.999836147 -0.000614779 -0.041026410 0.101965368 0.002457432 0.994784892 4.214604855
0.994763434 0.009653078 -0.101746820 -0.294384480 -0.010478406 0.999916315 -0.007580251 -0.039732393 0.101665117 0.008606700 0.994781435 4.251433849
0.994942307 0.005878952 -0.100275576 -0.298247576 -0.007066635 0.999909043 -0.011493113 -0.041533031 0.100198880 0.012143592 0.994893312 4.286159992
0.995154023 0.008083024 -0.097994722 -0.300414592 -0.009214208 0.999895930 -0.011096208 -0.042734373 0.097894832 0.011945382 0.995125055 4.316680431
0.995541930 0.013035501 -0.093414493 -0.304426819 -0.013842180 0.999872267 -0.007992676 -0.043703701 0.093298376 0.009250104 0.995595157 4.350382328
0.995963991 0.011277101 -0.089042120 -0.307004899 -0.011784393 0.999917150 -0.005173540 -0.044172898 0.088976398 0.006201967 0.996014416 4.383537292
0.996453881 0.008030325 -0.083757013 -0.308391750 -0.008105421 0.999966979 -0.000556564 -0.045072116 0.083749771 0.001233476 0.996486008 4.411633968
0.997124910 0.003545943 -0.075694174 -0.309747785 -0.003330145 0.999990046 0.002976980 -0.046038158 0.075703949 -0.002716348 0.997126520 4.442797661
0.997860134 0.007229806 -0.064984336 -0.311481655 -0.007068203 0.999971330 0.002716405 -0.046466369 0.065002091 -0.002251270 0.997882545 4.473610878
0.998685539 0.012416141 -0.049732193 -0.313436478 -0.012337373 0.999922097 0.001890542 -0.046452157 0.049751796 -0.001274493 0.998760819 4.500043869
0.999347031 0.017574422 -0.031571984 -0.314132512 -0.017515607 0.999844253 0.002138592 -0.046561539 0.031604659 -0.001584193 0.999499142 4.529362202
0.999826193 0.016209221 -0.009220783 -0.313550532 -0.016183518 0.999864995 0.002855347 -0.047083300 0.009265825 -0.002705626 0.999953449 4.557979107
0.999782324 0.012630790 0.016610676 -0.311808437 -0.012694472 0.999912381 0.003733871 -0.047407769 -0.016562063 -0.003943921 0.999855101 4.581504822
0.998857260 0.011497892 0.046390273 -0.309350997 -0.011758003 0.999916553 0.005337995 -0.047965541 -0.046325024 -0.005877351 0.998909175 4.608581066
0.996730089 0.011099484 0.080036819 -0.306402385 -0.011639038 0.999912500 0.006277910 -0.047936916 -0.079960153 -0.007188934 0.996772230 4.635365963
0.993156970 0.010813310 0.116285495 -0.301635444 -0.011712465 0.999906540 0.007051734 -0.048652273 -0.116198353 -0.008365468 0.993190825 4.657093525
0.987362802 0.010813396 0.158106521 -0.296719432 -0.012048305 0.999903917 0.006854176 -0.049061485 -0.158017203 -0.008672474 0.987398267 4.681812286
0.978895426 0.010451407 0.204094410 -0.290150225 -0.012049538 0.999905646 0.006589175 -0.049323644 -0.204006284 -0.008909357 0.978929043 4.707329750
0.967618108 0.013035605 0.252081752 -0.282980323 -0.014724405 0.999879897 0.004814152 -0.049729653 -0.251988739 -0.008370013 0.967693985 4.726550102
0.952357590 0.013670476 0.304677248 -0.273928285 -0.015049530 0.999884427 0.002178167 -0.050605793 -0.304612279 -0.006659643 0.952453136 4.748584270
0.932749033 0.014096062 0.360250562 -0.263896465 -0.015044136 0.999886751 -0.000172282 -0.050766718 -0.360212266 -0.005258963 0.932855487 4.768525124
0.908591449 0.014540032 0.417432815 -0.252534866 -0.015183225 0.999883056 -0.001779891 -0.051268734 -0.417409897 -0.004720784 0.908706069 4.788643837
0.879489899 0.015271974 0.475672394 -0.239713550 -0.014727743 0.999879658 -0.004871495 -0.051061194 -0.475689620 -0.002721150 0.879609048 4.808073997
0.846086323 0.013730588 0.532869220 -0.226860046 -0.012111961 0.999905288 -0.006533545 -0.051843025 -0.532908320 -0.000926146 0.846172392 4.824386120
0.809547663 0.013847930 0.586890817 -0.210955858 -0.011015018 0.999904037 -0.008399209 -0.052159604 -0.586950719 0.000334949 0.809622526 4.841613293
0.769617796 0.012029842 0.638391435 -0.196330786 -0.010014291 0.999926925 -0.006769806 -0.053117301 -0.638426185 -0.001182875 0.769682109 4.855926514
0.726284266 0.011822808 0.687292695 -0.179395437 -0.012136199 0.999916792 -0.004375853 -0.053910017 -0.687287152 -0.005163006 0.726367414 4.871408463
0.682446241 0.010634689 0.730858445 -0.162343502 -0.010217273 0.999935210 -0.005009531 -0.053807721 -0.730864406 -0.004048646 0.682510674 4.882631302
0.636287510 0.009038407 0.771399021 -0.142788172 -0.006616935 0.999958456 -0.006258444 -0.054328743 -0.771423578 -0.001122128 0.636320949 4.894981384
0.589052141 0.006743944 0.808066964 -0.123057842 -0.001471628 0.999972403 -0.007272779 -0.054829642 -0.808093727 0.003094871 0.589045823 4.906325340
0.542209208 0.008943267 0.840195894 -0.105796337 -0.003794971 0.999959230 -0.008194798 -0.055517852 -0.840234935 0.001254776 0.542221069 4.915038109
0.495379329 0.012050061 0.868593097 -0.085317612 -0.007436918 0.999926031 -0.009630601 -0.056069523 -0.868644834 -0.001688855 0.495432347 4.924406052
0.449483335 0.013964511 0.893179595 -0.066570878 -0.008238540 0.999900162 -0.011487088 -0.056637123 -0.893250763 -0.002195243 0.449553400 4.932165623
0.407080203 0.011275218 0.913322806 -0.044690251 -0.000653939 0.999927163 -0.012052903 -0.056938007 -0.913392186 0.004309238 0.407057881 4.939089775
0.367395550 0.002591328 0.930061221 -0.022441864 0.014414731 0.999860168 -0.008479953 -0.058025703 -0.929953098 0.016522078 0.367306769 4.944834232
0.331979007 0.000028279 0.943286657 -0.003585696 0.018388433 0.999809802 -0.006501571 -0.057673179 -0.943107545 0.019503947 0.331915289 4.949391842
0.299563408 0.004316474 0.954066515 0.019207239 0.015934847 0.999827683 -0.009526827 -0.057985932 -0.953943312 0.018056799 0.299443007 4.955052376
0.268191099 0.011350384 0.963298798 0.041615963 0.005396695 0.999897242 -0.013284106 -0.059162460 -0.963350654 0.008761310 0.268102288 4.961106777
0.239343494 0.016204087 0.970799804 0.062082767 0.000183290 0.999859989 -0.016734337 -0.059997261 -0.970934808 0.004183193 0.239307031 4.966152668
0.213565692 0.017762313 0.976767242 0.086369753 0.001787282 0.999825954 -0.018572412 -0.060834225 -0.976926923 0.005712190 0.213496745 4.970351219
0.190298706 0.019435285 0.981533825 0.109357655 0.008776487 0.999730408 -0.021497171 -0.061341356 -0.981687188 0.012705299 0.190076798 4.973302364
0.170020223 0.026038628 0.985096455 0.134506404 0.015632521 0.999453843 -0.029116184 -0.061299570 -0.985316634 0.020349883 0.169520304 4.976059437
0.150232270 0.032484543 0.988116980 0.158621967 0.017570162 0.999214470 -0.035520736 -0.061453462 -0.988494575 0.022697736 0.149543479 4.978961468
0.133245617 0.032963481 0.990534782 0.186379552 0.015610103 0.999253094 -0.035353467 -0.062349096 -0.990960062 0.020173047 0.132631540 4.982156277
0.117266022 0.028893771 0.992680132 0.212167859 0.013483781 0.999438226 -0.030683331 -0.063603215 -0.993008912 0.016983196 0.116810560 4.985182285
0.102037892 0.025554385 0.994452119 0.241695940 0.014241194 0.999530077 -0.027146116 -0.064861409 -0.994678557 0.016932122 0.101626016 4.988498211
0.089602895 0.023147563 0.995708525 0.268421024 0.015937146 0.999568641 -0.024671469 -0.065981656 -0.995850027 0.018079389 0.089195326 4.989400864
0.078000516 0.022672303 0.996695459 0.299606144 0.020015683 0.999504387 -0.024302604 -0.066767856 -0.996752381 0.021845162 0.077508047 4.990964413
0.068522312 0.023248624 0.997378707 0.332410187 0.023664020 0.999409378 -0.024921736 -0.067667469 -0.997368932 0.025309682 0.067931689 4.992360592
0.060017519 0.023589628 0.997918665 0.359555691 0.024935491 0.999373317 -0.025123706 -0.068652570 -0.997885764 0.026391450 0.059391692 4.994044781
0.053155392 0.023002826 0.998321235 0.393952161 0.025116364 0.999387562 -0.024364710 -0.070553586 -0.998270333 0.026369315 0.052545093 4.996645927
0.048652984 0.024926534 0.998504698 0.425822556 0.027733631 0.999269426 -0.026296966 -0.070603155 -0.998430610 0.028971588 0.047926128 4.997142792
0.042957433 0.024904024 0.998766482 0.462732971 0.027566981 0.999279082 -0.026102474 -0.072147585 -0.998696446 0.028654268 0.042239930 4.998632908
0.038499463 0.025675476 0.998928666 0.495460480 0.030839866 0.999163091 -0.026870098 -0.072590828 -0.998782575 0.031841308 0.037675418 4.999248981
0.035789773 0.025837140 0.999025285 0.534686744 0.032048367 0.999121904 -0.026987765 -0.073830597 -0.998845279 0.032983009 0.034930304 5.000446796
0.032697443 0.024977379 0.999153316 0.569648802 0.033020165 0.999114931 -0.026057012 -0.075237758 -0.998919666 0.033844195 0.031843755 5.001099586
0.030380474 0.024479995 0.999238610 0.609659433 0.035102587 0.999057233 -0.025542796 -0.076365054 -0.998921871 0.035851851 0.029492527 5.002330303
0.029617053 0.024010945 0.999272823 0.648306251 0.039532457 0.998901248 -0.025173696 -0.077560142 -0.998779416 0.040249277 0.028635291 5.002730846
0.030419691 0.023547309 0.999259710 0.690941811 0.043123972 0.998760700 -0.024848334 -0.078675725 -0.998606622 0.043847926 0.029366534 5.004649639
0.032993462 0.023602312 0.999176860 0.730156779 0.044596180 0.998690724 -0.025063427 -0.080032140 -0.998460174 0.045386389 0.031897683 5.005167484
0.036712494 0.024060784 0.999036133 0.776178718 0.046775375 0.998573065 -0.025768530 -0.080752268 -0.998230636 0.047676317 0.035534646 5.007309914
0.041289769 0.022948228 0.998883665 0.816368878 0.047943711 0.998539090 -0.024922110 -0.082537875 -0.997996330 0.048919216 0.040129222 5.008313179
0.045114253 0.021193519 0.998757005 0.863955557 0.049143430 0.998517334 -0.023408271 -0.084172137 -0.997772396 0.050138384 0.044005841 5.010890961
0.049166411 0.019625673 0.998597741 0.906444669 0.048973933 0.998556972 -0.022036122 -0.085221723 -0.997589171 0.049988698 0.048134316 5.012935638
0.053016230 0.017462891 0.998440921 0.956002474 0.046424367 0.998722970 -0.019932911 -0.086589381 -0.997513831 0.047408767 0.052137826 5.016303539
0.057450354 0.016608914 0.998210192 1.006450653 0.045667376 0.998771310 -0.019246560 -0.087524168 -0.997303367 0.046691362 0.056621272 5.019477367
0.061168410 0.017369000 0.997976303 1.046087980 0.042686835 0.998888433 -0.020001251 -0.089171700 -0.997214258 0.043823902 0.060358971 5.022242069
0.064139627 0.021522129 0.997708738 1.098087311 0.040702026 0.998879135 -0.024163978 -0.090723112 -0.997110546 0.042158637 0.063191727 5.026430130
0.065624744 0.026366811 0.997495949 1.148169994 0.035058472 0.998972774 -0.028712325 -0.093153864 -0.997228384 0.036854926 0.064632937 5.029520512
0.065418407 0.030013692 0.997406423 1.188671947 0.031674929 0.998981297 -0.032138601 -0.093853593 -0.997355103 0.033695232 0.064401090 5.032989979
0.065361761 0.030204356 0.997404397 1.241154194 0.029220529 0.999055147 -0.032169227 -0.095421106 -0.997433782 0.031247320 0.064417437 5.036978722
0.065550052 0.027787669 0.997462273 1.293552756 0.026128093 0.999221563 -0.029553741 -0.098257184 -0.997507215 0.027999036 0.064772986 5.041073322
0.065609507 0.026674643 0.997488797 1.333588600 0.027098510 0.999226272 -0.028503506 -0.099638134 -0.997477353 0.028900556 0.064835906 5.043290615
0.065713100 0.025989512 0.997500062 1.384647369 0.024675429 0.999312699 -0.027662309 -0.102135643 -0.997533321 0.026431520 0.065026633 5.047323227
0.065839536 0.026407408 0.997480690 1.448183060 0.023623688 0.999328196 -0.028015628 -0.104343370 -0.997550488 0.025408711 0.065171480 5.052302837
0.065834664 0.026548503 0.997477233 1.477834344 0.020284379 0.999403775 -0.027938571 -0.106122024 -0.997624338 0.022072533 0.065256879 5.054520130
0.064315416 0.028127380 0.997533143 1.528579950 0.018039890 0.999406636 -0.029343322 -0.107890621 -0.997766554 0.019882616 0.063769847 5.058485031
0.061076216 0.028026894 0.997739494 1.581022978 0.014451003 0.999476135 -0.028960288 -0.109815821 -0.998028517 0.016187124 0.060639206 5.063102245
0.057953384 0.026673255 0.997962832 1.620547056 0.012591911 0.999543965 -0.027446749 -0.111567296 -0.998239875 0.014156888 0.057591084 5.064571381
0.052802585 0.024223754 0.998311102 1.672250628 0.009408522 0.999649286 -0.024753859 -0.113487922 -0.998560607 0.010699698 0.052556157 5.067733288
0.046638966 0.022251429 0.998663962 1.723354578 0.007088790 0.999719381 -0.022605998 -0.115538374 -0.998886645 0.008133639 0.046468131 5.070401192
0.039368309 0.022278845 0.998976350 1.762183785 0.007786578 0.999714255 -0.022602158 -0.117288306 -0.999194443 0.008668417 0.039183579 5.071493149
0.030580122 0.023701925 0.999251306 1.812025428 0.007760906 0.999683082 -0.023949672 -0.119024083 -0.999502301 0.008487479 0.030386472 5.073081493
0.020713048 0.023554312 0.999508023 1.854805589 0.008188679 0.999684870 -0.023728183 -0.120629191 -0.999751925 0.008676133 0.020513639 5.073743820
0.010642545 0.022475749 0.999690652 1.904853940 0.009609360 0.999698937 -0.022578234 -0.122524336 -0.999897182 0.009846678 0.010423364 5.073990345
-0.000364467 0.021832906 0.999761522 1.947539330 0.008339692 0.999726951 -0.021829112 -0.123916887 -0.999965191 0.008329747 -0.000546452 5.074037552
-0.011226598 0.021274842 0.999710560 1.996781468 0.009898965 0.999727070 -0.021164028 -0.125547782 -0.999888003 0.009658500 -0.011434137 5.073266029
-0.022424283 0.021343647 0.999520659 2.039216280 0.010246175 0.999724507 -0.021118129 -0.127174512 -0.999696016 0.009767706 -0.022636792 5.072303772
-0.033474460 0.022051930 0.999196291 2.087934017 0.010009823 0.999713898 -0.021728009 -0.128964171 -0.999389470 0.009274445 -0.033685617 5.070660591
-0.043853913 0.023157261 0.998769462 2.130579233 0.009809269 0.999693155 -0.022747971 -0.130373731 -0.998989761 0.008799610 -0.044067599 5.068390369
-0.053970642 0.024415322 0.998243988 2.177992344 0.010940356 0.999655545 -0.023858348 -0.131165251 -0.998482525 0.009633494 -0.054219153 5.065485954
-0.063723870 0.025018638 0.997653842 2.218804121 0.010876664 0.999643803 -0.024373805 -0.133207172 -0.997908294 0.009297953 -0.063973278 5.062736511
-0.073333137 0.025284993 0.996986866 2.266110897 0.011395926 0.999634564 -0.024513915 -0.135192126 -0.997242451 0.009563906 -0.073594473 5.059115887
-0.082594514 0.025909828 0.996246338 2.313693285 0.012003669 0.999615371 -0.025002275 -0.136925146 -0.996510923 0.009893560 -0.082873754 5.055292130
-0.091562748 0.025025511 0.995484948 2.348322630 0.013669688 0.999621570 -0.023872204 -0.139020607 -0.995705485 0.011422164 -0.091870174 5.051951885
-0.098771989 0.023620879 0.994829714 2.393293619 0.014623021 0.999644756 -0.022283357 -0.140823960 -0.995002687 0.012346444 -0.099082291 5.047255993
-0.104212932 0.022123473 0.994308889 2.432660580 0.018023012 0.999630392 -0.020352896 -0.142225564 -0.994391680 0.015799405 -0.104573183 5.043154716
-0.108039454 0.020686183 0.993931413 2.476886749 0.021549206 0.999597311 -0.018461727 -0.143541604 -0.993912995 0.019423837 -0.108441733 5.038183689
-0.110819399 0.019406401 0.993651092 2.520332336 0.022799533 0.999595881 -0.016979732 -0.145353585 -0.993579030 0.020773094 -0.111217089 5.033446312
-0.112285629 0.018603697 0.993501663 2.552690029 0.022476584 0.999616504 -0.016177895 -0.146404266 -0.993421733 0.020513978 -0.112660713 5.029204845
-0.113017283 0.019359279 0.993404329 2.595284939 0.023607874 0.999580264 -0.016793821 -0.147385269 -0.993312538 0.021554178 -0.113426879 5.024803162
-0.112184815 0.020337557 0.993479133 2.634385586 0.024200443 0.999549866 -0.017729091 -0.148902655 -0.993392587 0.022053702 -0.112626500 5.019976139
-0.109056622 0.021837447 0.993795574 2.664810658 0.025194407 0.999498188 -0.019197978 -0.149896085 -0.993716180 0.022944422 -0.109552093 5.016623974
-0.103908665 0.022196250 0.994339049 2.703660965 0.024663365 0.999500930 -0.019734150 -0.151553780 -0.994280934 0.022473199 -0.104404271 5.012874603
-0.096219644 0.022937363 0.995095730 2.740949631 0.024346426 0.999489486 -0.020684492 -0.152815983 -0.995062351 0.022236770 -0.096728973 5.010282993
-0.084687531 0.023145085 0.996138692 2.767377377 0.023334747 0.999502122 -0.021239415 -0.153710172 -0.996134281 0.021445930 -0.085185461 5.007893562
-0.071077347 0.023141598 0.997202277 2.801770449 0.022399077 0.999515891 -0.021598749 -0.155554146 -0.997219265 0.020801229 -0.071561277 5.006205559
-0.053979255 0.024926253 0.998230875 2.834142685 0.022270013 0.999469817 -0.023752943 -0.156410664 -0.998293698 0.020948444 -0.054505751 5.005250454
-0.032407291 0.027051024 0.999108553 2.859521627 0.020338712 0.999444485 -0.026400408 -0.157665581 -0.999267817 0.019465020 -0.032939468 5.004833221
-0.007869750 0.029850602 0.999523461 2.892051458 0.018637294 0.999385178 -0.029699735 -0.159446552 -0.999795437 0.018394683 -0.008421244 5.005978107
0.020493682 0.031263120 0.999301076 2.923670530 0.016278500 0.999368012 -0.031599060 -0.161284834 -0.999657393 0.016914705 0.019971821 5.007787228
0.054061458 0.031288654 0.998047233 2.947432518 0.013743986 0.999390900 -0.032075249 -0.161679119 -0.998443127 0.015451182 0.053598486 5.009450436
0.092970505 0.028885879 0.995249748 2.978303194 0.013171358 0.999455869 -0.030238353 -0.163123444 -0.995581746 0.015920065 0.092539459 5.012583733
0.134452581 0.024993422 0.990604758 3.016148567 0.011672001 0.999572515 -0.026803901 -0.164761066 -0.990851283 0.015166198 0.134103373 5.019432068
0.180147260 0.020605359 0.983423829 3.032172918 0.007651998 0.999720991 -0.022348551 -0.165783554 -0.983609915 0.011551188 0.179939330 5.024289131
0.228486121 0.017631873 0.973387480 3.061640501 0.003435898 0.999815166 -0.018917104 -0.166700363 -0.973541141 0.007666754 0.228383273 5.033347130
0.280276954 0.015460086 0.959794641 3.091066360 -0.001263369 0.999875367 -0.015736770 -0.168431848 -0.959918380 0.003198080 0.280261546 5.043539047
0.335143685 0.015111755 0.942045808 3.111708641 -0.002351109 0.999881625 -0.015203088 -0.169123650 -0.942164123 0.002880366 0.335139543 5.052474499
0.393019348 0.015744887 0.919395387 3.138400078 -0.000614757 0.999857605 -0.016860032 -0.170009643 -0.919529974 0.006061114 0.392973095 5.065730095
0.456085950 0.019601027 0.889719784 3.160576820 0.000555723 0.999750912 -0.022309946 -0.170255870 -0.889935553 0.010669691 0.455961496 5.076296329
0.515630960 0.023025509 0.856501281 3.185263157 0.001911237 0.999605477 -0.028023208 -0.171074361 -0.856808662 0.016086612 0.515383542 5.093079567
0.574461877 0.027553614 0.818067312 3.204199314 -0.002890548 0.999495327 -0.031634551 -0.171875015 -0.818526208 0.015808178 0.574251592 5.108189106
0.629791439 0.030350061 0.776171088 3.225540400 -0.006811701 0.999413848 -0.033552289 -0.172704607 -0.776734352 0.015843898 0.629629016 5.128910065
0.681242526 0.031625699 0.731374323 3.240045786 -0.008581630 0.999342740 -0.035219654 -0.173444733 -0.732007384 0.017716743 0.681066215 5.146324158
0.729004502 0.029575704 0.683869779 3.257657051 -0.008772749 0.999387681 -0.033869348 -0.174661770 -0.684452772 0.018691488 0.728817582 5.170092583
0.774368167 0.026234761 0.632191181 3.272021055 -0.010743530 0.999541223 -0.028319405 -0.175421536 -0.632644117 0.015137676 0.774294734 5.189854622
0.815224707 0.020240974 0.578790963 3.287378788 -0.010217119 0.999736249 -0.020571131 -0.176542908 -0.579054713 0.010856517 0.815216422 5.215917587
0.851646066 0.018505752 0.523790300 3.298660517 -0.013145359 0.999816298 -0.013950543 -0.176890388 -0.523952246 0.004995516 0.851733029 5.237965584
0.882340729 0.013826787 0.470407665 3.310683966 -0.012714256 0.999903917 -0.005542326 -0.178199738 -0.470439196 -0.001090663 0.882431805 5.265760422
0.907533705 0.015854619 0.419679970 3.318315268 -0.017118670 0.999853194 -0.000754204 -0.178237930 -0.419630319 -0.006499896 0.907671869 5.288170338
0.927350402 0.017078329 0.373804152 3.327507496 -0.019892652 0.999795496 0.003672042 -0.179172948 -0.373664975 -0.010841226 0.927500427 5.317795277
0.942405105 0.023256099 0.333664298 3.333620548 -0.026747914 0.999624968 0.005874141 -0.179028630 -0.333402634 -0.014460647 0.942673683 5.340917587
0.954128444 0.027642792 0.298118711 3.341350317 -0.030477425 0.999523640 0.004863015 -0.178795099 -0.297842294 -0.013725831 0.954516470 5.372267723
0.963037014 0.030046744 0.267688334 3.348415852 -0.032584339 0.999456227 0.005041359 -0.178887576 -0.267391294 -0.013577459 0.963492393 5.403366566
0.968925774 0.023639414 0.246219695 3.356152534 -0.025737375 0.999654710 0.005305635 -0.179010078 -0.246009290 -0.011477814 0.969199598 5.435354233
0.973058820 0.020582590 0.229636192 3.359904289 -0.022609822 0.999725163 0.006200017 -0.179289654 -0.229445457 -0.011225013 0.973256767 5.453330040
0.975839376 0.024567256 0.217103556 3.366323233 -0.026505381 0.999630511 0.006019310 -0.179501876 -0.216875479 -0.011628292 0.976129949 5.487023354
0.977811933 0.029833896 0.207349837 3.370951653 -0.031869520 0.999471188 0.006483140 -0.179097340 -0.207046777 -0.012947432 0.978245378 5.512947559
0.978718162 0.037285112 0.201793194 3.377008915 -0.039070919 0.999224663 0.004872366 -0.178797469 -0.201455072 -0.012652918 0.979416013 5.547739983
0.979145586 0.043421924 0.198465228 3.381805897 -0.044611666 0.999003291 0.001525105 -0.179109037 -0.198201224 -0.010347167 0.980106771 5.575510979
0.979133725 0.044997405 0.198172733 3.388807774 -0.045725420 0.998953640 -0.000903347 -0.179810420 -0.198006034 -0.008177035 0.980166733 5.612181187
0.978816748 0.043449748 0.200074226 3.394992113 -0.043443974 0.999046147 -0.004421382 -0.180243090 -0.200075492 -0.004364298 0.979770780 5.640431881
0.977740884 0.042158332 0.205536738 3.401635170 -0.040766019 0.999108136 -0.011005927 -0.180399776 -0.205817446 0.002382028 0.978587508 5.679972172
0.977217078 0.042440709 0.207956016 3.409671307 -0.040041938 0.999074101 -0.015732873 -0.180713698 -0.208431199 0.007047470 0.978011608 5.707756996
0.976133168 0.047478333 0.211919829 3.418580770 -0.045220319 0.998856902 -0.015491784 -0.181504428 -0.212413102 0.005538960 0.977164268 5.747071266
0.974623084 0.050580606 0.218062922 3.424240589 -0.049281336 0.998719871 -0.011396440 -0.181891724 -0.218360260 0.000360801 0.975868165 5.778604507
0.973520994 0.047922023 0.223518193 3.433566570 -0.047659144 0.998841941 -0.006573780 -0.182830825 -0.223574415 -0.004252973 0.974677622 5.820301056
0.972944856 0.043387402 0.226926848 3.441691399 -0.044303782 0.999017596 -0.001055986 -0.183255002 -0.226749763 -0.009026304 0.973911166 5.852735996
0.972125053 0.040741399 0.230896324 3.452129602 -0.042672712 0.999083400 0.003374505 -0.183688968 -0.230547249 -0.013133414 0.972972512 5.895913601
0.971718967 0.036032617 0.233374745 3.460447311 -0.038052712 0.999267101 0.004157792 -0.183992118 -0.233053893 -0.012920748 0.972378016 5.928683758
0.971738338 0.032595202 0.233799368 3.471024036 -0.033678044 0.999432504 0.000639592 -0.184074134 -0.233645886 -0.008495422 0.972284675 5.972307682
0.971899092 0.032011468 0.233210817 3.479635477 -0.031453881 0.999486506 -0.006110473 -0.184569538 -0.233286664 -0.001396624 0.972407162 6.006811619
0.972029686 0.034354899 0.232331410 3.490324020 -0.032185987 0.999395728 -0.013120903 -0.184714690 -0.232641831 0.005276090 0.972548306 6.052115440
0.972544611 0.037467808 0.229679912 3.497905731 -0.034573141 0.999264002 -0.016615756 -0.185311109 -0.230133414 0.008218809 0.973124385 6.087168217
0.973018527 0.036420945 0.227834061 3.508295774 -0.034573231 0.999329031 -0.012097005 -0.185861617 -0.228121802 0.003893648 0.973624825 6.134886742
0.973555148 0.032283518 0.226159394 3.517234325 -0.032102585 0.999474525 -0.004478808 -0.186722890 -0.226185173 -0.002899935 0.974080026 6.171300888
0.974136949 0.032545056 0.223602280 3.528605938 -0.033739664 0.999429464 0.001523090 -0.187335312 -0.223425165 -0.009027965 0.974679291 6.221230030
0.974350154 0.036234997 0.222100824 3.536255360 -0.037320573 0.999303102 0.000691372 -0.187934324 -0.221921042 -0.008962565 0.975023389 6.258172035
0.974629760 0.041293316 0.219981223 3.546469927 -0.041406535 0.999134004 -0.004098151 -0.188386291 -0.219959989 -0.005114478 0.975495517 6.308501244
0.975464106 0.042438637 0.216028899 3.554815769 -0.041419048 0.999099135 -0.009246970 -0.188790888 -0.216226712 0.000072378 0.976343215 6.346871376
0.976343930 0.041124031 0.212276369 3.565661907 -0.039429195 0.999147832 -0.012212976 -0.189530373 -0.212597728 0.003554178 0.977133393 6.398591042
0.977246523 0.038956020 0.208498091 3.576943874 -0.037580077 0.999237895 -0.010558026 -0.190220192 -0.208750531 0.002482421 0.977965832 6.451841831
0.978152096 0.035243388 0.204881817 3.584412575 -0.034238573 0.999378145 -0.008448428 -0.190924972 -0.205052122 0.001248986 0.978750288 6.485773563
0.978525519 0.034419391 0.203231901 3.595584154 -0.033920076 0.999406934 -0.005940596 -0.191492051 -0.203315794 -0.001080617 0.979112685 6.539988518
0.978958666 0.031159773 0.201665059 3.607488394 -0.031034773 0.999511302 -0.003782385 -0.192037359 -0.201684311 -0.002555830 0.979447305 6.594082355
0.979183078 0.025867904 0.201323703 3.614697456 -0.025949534 0.999660790 -0.002234119 -0.192518860 -0.201313168 -0.003036645 0.979522228 6.628669262
0.979299307 0.026429139 0.200684577 3.625818253 -0.026779570 0.999640942 -0.000968860 -0.192974821 -0.200638086 -0.004425442 0.979655445 6.683778286
0.979134738 0.031691402 0.200725839 3.636928082 -0.031736806 0.999491870 -0.002992586 -0.193462774 -0.200718626 -0.003440251 0.979642868 6.738947392
0.978806019 0.037648249 0.201299176 3.643693924 -0.037214272 0.999289691 -0.005941121 -0.194389656 -0.201379880 -0.001676000 0.979511917 6.774880886
0.978265643 0.046605654 0.202050373 3.654515028 -0.046044156 0.998911381 -0.007480822 -0.195298672 -0.202179104 -0.001985011 0.979346573 6.830907345
0.977261662 0.052854456 0.205343932 3.664931774 -0.052505955 0.998595059 -0.007149654 -0.195873544 -0.205433384 -0.003794699 0.978663743 6.887279510
0.976526737 0.054768804 0.208316714 3.672704697 -0.054982413 0.998476088 -0.004769350 -0.196852863 -0.208260432 -0.006796358 0.978049815 6.924360275
0.975987017 0.055580989 0.210618094 3.685141087 -0.055638641 0.998435080 -0.005656713 -0.197692633 -0.210602909 -0.006197626 0.977551997 6.981185436
0.975709319 0.053874165 0.212341160 3.697704792 -0.053324774 0.998542666 -0.008317590 -0.198567465 -0.212479874 -0.003207495 0.977160215 7.037886620
0.975747347 0.047637410 0.213653535 3.710741997 -0.047143936 0.998860657 -0.007407158 -0.199590087 -0.213762969 -0.002844955 0.976881385 7.096645832
0.976011157 0.041013185 0.213822708 3.717448235 -0.040093843 0.999158621 -0.008636307 -0.200464606 -0.213997006 -0.000143843 0.976834297 7.123795033
0.975777149 0.039908629 0.215095997 3.730338335 -0.038888801 0.999203265 -0.008972882 -0.201665759 -0.215282768 0.000390707 0.976551592 7.181637287
0.975492179 0.041630063 0.216060281 3.744076252 -0.041265041 0.999128997 -0.006202312 -0.202435017 -0.216130301 -0.002865432 0.976360261 7.238167763
0.974793673 0.045277458 0.218465790 3.754935026 -0.046310961 0.998927057 -0.000390180 -0.203219444 -0.218249083 -0.009737015 0.975844562 7.297740459
0.974557221 0.048175473 0.218900323 3.760842562 -0.050234642 0.998730063 0.003847610 -0.203870699 -0.218436942 -0.014746095 0.975739598 7.323129654
0.974363804 0.047169711 0.219977990 3.773475170 -0.047729339 0.998856544 -0.002773184 -0.204678416 -0.219857246 -0.007797312 0.975500822 7.380240440
0.974655986 0.042653743 0.219605044 3.786596775 -0.039888576 0.999059319 -0.017012287 -0.206080452 -0.220124066 0.007821394 0.975440443 7.435923100
0.975169182 0.038978957 0.218003705 3.800852776 -0.034014113 0.999070466 -0.026482187 -0.206684232 -0.218833268 0.018409414 0.975588500 7.491948128
0.975272954 0.037721977 0.217761010 3.806063652 -0.034861699 0.999248207 -0.016963335 -0.207784623 -0.218237162 0.008952360 0.975854695 7.518059731
0.975619316 0.031342708 0.217220202 3.818923235 -0.032884877 0.999453068 0.003487477 -0.208746195 -0.216992095 -0.010545710 0.976116419 7.576632500
0.975934982 0.028419226 0.216202006 3.832089901 -0.033289813 0.999266744 0.018918891 -0.210184664 -0.215505794 -0.025660928 0.976165295 7.634713173
